subsample_ratio;accuracy;f1;iteration
 0.0000100000; 57.071; 55.959;51
 0.0001000000; 63.636; 60.440;7
 0.0003162000; 58.586; 53.409;2
 0.0010000000; 63.131; 60.541;17
 0.0031620000; 58.081; 55.135;27
 0.0000100000; 55.556; 51.648;59
 0.0001000000; 55.556; 52.688;2
 0.0001000000; 61.111; 58.824;50
 0.0010000000; 61.616; 57.778;31
 0.0031620000; 59.596; 59.184;63
 0.0000100000; 63.131; 55.758;39
 0.0001000000; 54.040; 50.273;0
 0.0003162000; 58.586; 54.444;43
 0.0010000000; 62.121; 59.459;62
 0.0031620000; 55.051; 49.143;56
 0.0000100000; 57.576; 52.273;6
 0.0000316200; 54.040; 48.000;42
 0.0001000000; 65.657; 61.798;41
 0.0010000000; 61.111; 53.333;32
 0.0031620000; 58.586; 55.435;38
 0.0000100000; 60.606; 53.012;33
 0.0000316200; 62.626; 56.977;46
 0.0003162000; 58.586; 52.874;34
 0.0010000000; 62.121; 58.564;61
 0.0100000000; 55.556; 46.988;17
 0.0000100000; 52.020; 45.714;0
 0.0001000000; 58.081; 52.571;10
 0.0003162000; 64.141; 63.212;7
 0.0010000000; 61.111; 58.378;59
 0.0031620000; 61.111; 60.513;55
 0.0000316200; 58.586; 54.444;0
 0.0000316200; 55.051; 51.366;18
 0.0003162000; 59.596; 55.056;21
 0.0010000000; 62.626; 60.215;5
 0.0031620000; 60.606; 56.180;57
 0.0000100000; 54.040; 46.154;15
 0.0000316200; 56.566; 48.193;53
 0.0001000000; 63.131; 60.109;60
 0.0010000000; 56.566; 53.261;26
 0.0031620000; 51.010; 47.568;50
 0.0000100000; 57.576; 47.500;35
 0.0000316200; 58.081; 53.107;31
 0.0001000000; 56.566; 53.763;47
 0.0010000000; 61.616; 58.242;44
 0.0031620000; 59.091; 54.237;43
 0.0000100000; 53.030; 48.045;28
 0.0000316200; 55.556; 51.648;24
 0.0001000000; 55.051; 50.829;52
 0.0010000000; 59.091; 54.237;43
 0.0031620000; 61.111; 61.307;58
 0.0000316200; 56.061; 51.934;5
 0.0000316200; 57.071; 55.026;19
 0.0003162000; 60.606; 56.667;27
 0.0010000000; 61.616; 57.303;52
 0.0031620000; 60.101; 55.367;61
 0.0000100000; 56.566; 53.763;37
 0.0000316200; 62.626; 57.471;9
 0.0000316200; 61.111; 53.892;11
 0.0000316200; 57.071; 51.977;13
 0.0000316200; 57.576; 51.724;20
 0.0000316200; 54.545; 47.059;63
 0.0001000000; 63.131; 55.758;26
 0.0001000000; 57.576; 54.348;29
 0.0001000000; 56.566; 50.575;34
 0.0003162000; 56.566; 53.261;51
 0.0031620000; 57.576; 55.319;9
 0.0100000000; 56.061; 49.123;16
 0.0000100000; 54.040; 46.154;2
 0.0000316200; 52.020; 47.514;47
 0.0003162000; 58.081; 50.888;17
 0.0010000000; 65.657; 63.441;47
 0.0031620000; 55.051; 55.276;49
 0.0000100000; 54.545; 50.549;11
 0.0001000000; 60.606; 57.609;5
 0.0003162000; 62.121; 59.459;24
 0.0010000000; 56.061; 52.973;49
 0.0031620000; 57.071; 53.552;60
 0.0000100000; 50.505; 47.872;49
 0.0001000000; 56.566; 53.261;25
 0.0001000000; 66.162; 61.272;55
 0.0010000000; 59.596; 55.056;29
 0.0031620000; 54.040; 50.273;62
 0.0000316200; 52.525; 44.048;7
 0.0000316200; 59.091; 52.632;23
 0.0003162000; 62.121; 59.016;6
 0.0010000000; 58.586; 54.945;42
 0.0100000000; 62.626; 58.427;6
 0.0000100000; 55.556; 48.235;8
 0.0000316200; 62.626; 58.889;28
 0.0001000000; 58.586; 52.326;59
 0.0010000000; 66.667; 66.327;34
 0.0031620000; 58.081; 53.631;37
 0.0100000000; 60.606; 56.180;36
 0.0000100000; 60.606; 57.143;34
 0.0000316200; 55.051; 49.143;8
 0.0000316200; 53.030; 49.730;12
 0.0000316200; 56.061; 50.847;14
 0.0000316200; 55.556; 44.304;25
 0.0001000000; 59.091; 55.738;22
 0.0001000000; 62.626; 54.878;27
 0.0001000000; 60.606; 56.667;30
 0.0001000000; 61.111; 56.000;31
 0.0001000000; 57.576; 54.839;32
 0.0001000000; 55.556; 50.562;33
 0.0001000000; 58.081; 55.615;37
 0.0001000000; 59.596; 54.023;39
 0.0001000000; 57.071; 53.039;45
 0.0001000000; 59.596; 55.056;63
 0.0003162000; 54.040; 48.588;28
 0.0003162000; 61.111; 57.459;45
 0.0003162000; 58.081; 57.436;49
 0.0003162000; 58.586; 56.383;50
 0.0003162000; 59.596; 52.941;53
 0.0003162000; 61.616; 56.322;54
 0.0003162000; 62.121; 59.459;55
 0.0003162000; 59.091; 50.307;58
 0.0003162000; 57.576; 55.319;61
 0.0010000000; 55.556; 52.688;1
 0.0010000000; 65.152; 60.571;20
 0.0010000000; 58.081; 53.107;38
 0.0010000000; 57.071; 53.039;55
 0.0010000000; 60.606; 57.609;63
 0.0031620000; 58.081; 55.615;6
 0.0031620000; 61.111; 56.497;8
 0.0031620000; 59.596; 58.763;10
 0.0031620000; 60.101; 57.754;13
 0.0031620000; 54.545; 48.864;26
 0.0031620000; 62.121; 59.016;41
 0.0031620000; 56.566; 53.763;59
 0.0100000000; 57.071; 55.026;7
 0.0100000000; 57.071; 55.959;20
 0.0100000000; 54.040; 49.724;24
 0.0100000000; 57.071; 50.867;29
 0.0100000000; 58.081; 56.995;52
 0.0000100000; 61.616; 60.417;27
 0.0000316200; 63.636; 57.143;10
 0.0000316200; 60.101; 53.254;15
 0.0001000000; 57.576; 50.000;14
 0.0001000000; 60.101; 56.354;28
 0.0001000000; 63.131; 53.503;35
 0.0001000000; 57.071; 51.429;46
 0.0003162000; 58.586; 54.444;48
 0.0003162000; 63.131; 58.757;52
 0.0003162000; 60.606; 57.609;56
 0.0003162000; 59.091; 55.738;59
 0.0031620000; 59.596; 55.556;2
 0.0031620000; 63.131; 63.317;44
 0.0100000000; 58.081; 54.645;26
 0.0000100000; 53.030; 46.243;3
 0.0000316200; 56.061; 52.973;45
 0.0001000000; 53.030; 47.458;56
 0.0010000000; 62.121; 60.733;48
 0.0100000000; 56.061; 53.476;11
 0.0000100000; 57.071; 48.485;5
 0.0001000000; 59.091; 56.684;12
 0.0003162000; 60.606; 58.065;18
 0.0010000000; 58.081; 56.545;30
 0.0100000000; 60.101; 56.831;0
 0.0000100000; 51.010; 43.275;29
 0.0000316200; 59.091; 56.684;33
 0.0003162000; 64.141; 59.887;19
 0.0010000000; 56.061; 52.973;10
 0.0031620000; 57.071; 51.429;54
 0.0100000000; 65.657; 61.798;35
 0.0000100000; 51.010; 45.810;50
 0.0001000000; 54.040; 51.852;20
 0.0001000000; 57.576; 54.348;49
 0.0010000000; 59.091; 56.684;22
 0.0031620000; 61.616; 59.140;14
 0.0100000000; 61.616; 55.294;25
 0.0000100000; 55.556; 49.425;19
 0.0000316200; 56.061; 49.123;61
 0.0003162000; 60.606; 54.651;36
 0.0010000000; 64.646; 61.538;57
 0.0100000000; 54.545; 52.632;4
 0.0000100000; 55.556; 48.837;60
 0.0001000000; 60.101; 58.639;11
 0.0003162000; 60.606; 56.180;39
 0.0010000000; 58.586; 54.444;40
 0.0100000000; 58.081; 53.631;5
 0.0000100000; 56.061; 51.934;14
 0.0001000000; 59.091; 56.684;13
 0.0001000000; 62.626; 56.471;58
 0.0010000000; 63.636; 58.140;23
 0.0100000000; 54.040; 52.356;13
 0.0100000000; 61.111; 59.259;58
 0.0000100000; 50.505; 44.318;44
 0.0000316200; 62.626; 54.878;57
 0.0003162000; 62.121; 59.893;23
 0.0010000000; 64.646; 62.366;53
 0.0100000000; 59.596; 56.989;2
 0.0000100000; 61.111; 52.761;20
 0.0001000000; 56.061; 51.934;9
 0.0003162000; 58.081; 54.144;13
 0.0010000000; 60.606; 54.651;39
 0.0100000000; 60.606; 55.172;1
 0.0000100000; 52.020; 45.714;55
 0.0000316200; 58.081; 54.645;40
 0.0003162000; 54.040; 48.588;42
 0.0031620000; 62.121; 57.143;0
 0.0100000000; 55.556; 51.111;10
 0.0000100000; 51.010; 46.409;40
 0.0001000000; 57.576; 55.789;24
 0.0001000000; 61.616; 59.140;51
 0.0010000000; 57.071; 55.497;41
 0.0100000000; 55.556; 54.639;8
 0.0000100000; 58.586; 51.765;56
 0.0000316200; 58.081; 52.571;50
 0.0003162000; 61.111; 57.459;40
 0.0031620000; 60.101; 58.201;1
 0.0100000000; 62.626; 60.215;12
 0.0000100000; 58.586; 52.874;42
 0.0001000000; 63.131; 59.669;23
 0.0003162000; 54.545; 52.128;26
 0.0010000000; 60.101; 59.067;37
 0.0100000000; 59.091; 54.749;9
 0.0000100000; 51.010; 43.275;58
 0.0001000000; 60.101; 55.866;1
 0.0003162000; 67.172; 63.277;9
 0.0003162000; 58.081; 58.291;60
 0.0031620000; 67.172; 66.321;16
 0.0100000000; 58.081; 50.299;42
 0.0000100000; 50.000; 40.719;53
 0.0001000000; 56.061; 49.711;17
 0.0003162000; 56.566; 51.685;20
 0.0010000000; 60.606; 58.947;2
 0.0031620000; 59.091; 56.216;18
 0.0100000000; 62.121; 59.016;32
 0.0000100000; 53.030; 48.045;43
 0.0001000000; 61.111; 58.824;18
 0.0003162000; 60.101; 57.297;41
 0.0031620000; 60.606; 57.143;3
 0.0100000000; 52.020; 46.328;22
 0.0000100000; 51.010; 43.931;46
 0.0001000000; 57.576; 52.809;4
 0.0003162000; 55.051; 51.892;16
 0.0010000000; 52.020; 45.714;7
 0.0031620000; 58.586; 58.163;19
 0.0100000000; 54.040; 48.000;33
 0.0000100000; 53.535; 48.315;25
 0.0001000000; 57.576; 50.588;16
 0.0003162000; 61.111; 56.497;38
 0.0010000000; 60.606; 58.065;16
 0.0031620000; 62.121; 58.101;29
 0.0100000000; 60.101; 53.801;41
 0.0000100000; 53.030; 46.243;21
 0.0000316200; 59.091; 53.179;51
 0.0003162000; 59.596; 58.763;32
 0.0010000000; 62.626; 60.215;60
 0.0100000000; 57.576; 55.319;3
 0.0000100000; 61.111; 59.259;41
 0.0000316200; 57.576; 54.839;39
 0.0003162000; 59.596; 56.522;12
 0.0010000000; 64.141; 59.887;51
 0.0100000000; 61.616; 54.762;18
 0.0000100000; 60.101; 55.367;9
 0.0001000000; 57.576; 55.319;8
 0.0003162000; 53.535; 49.451;46
 0.0031620000; 56.566; 53.763;5
 0.0100000000; 51.010; 46.409;23
 0.0000100000; 59.091; 55.249;26
 0.0000316200; 57.576; 53.333;43
 0.0003162000; 63.131; 59.218;47
 0.0031620000; 61.616; 55.814;4
 0.0100000000; 59.596; 56.989;15
 0.0000100000; 54.040; 52.356;30
 0.0000316200; 58.586; 49.383;29
 0.0001000000; 55.556; 53.191;38
 0.0003162000; 56.566; 51.136;57
 0.0031620000; 58.586; 55.435;15
 0.0100000000; 55.051; 51.366;38
 0.0000100000; 56.061; 50.286;32
 0.0000316200; 58.081; 50.299;44
 0.0001000000; 55.556; 50.000;62
 0.0010000000; 61.616; 58.242;36
 0.0031620000; 57.071; 51.429;53
 0.0100000000; 63.636; 61.290;48
 0.0000100000; 56.061; 50.847;45
 0.0000316200; 51.010; 42.604;48
 0.0001000000; 65.657; 62.637;48
 0.0010000000; 58.081; 54.645;58
 0.0100000000; 60.606; 57.143;19
 0.0000316200; 54.040; 49.724;6
 0.0000316200; 61.111; 57.459;37
 0.0003162000; 62.121; 56.647;44
 0.0010000000; 56.061; 50.286;54
 0.0100000000; 54.545; 50.549;14
 0.0000100000; 58.081; 55.135;48
 0.0001000000; 57.576; 52.273;19
 0.0003162000; 59.596; 55.556;8
 0.0003162000; 58.081; 56.545;63
 0.0031620000; 58.586; 55.435;23
 0.0100000000; 63.636; 60.000;39
 0.0000100000; 56.566; 52.747;16
 0.0000316200; 56.061; 53.476;32
 0.0001000000; 56.061; 51.934;61
 0.0010000000; 65.657; 63.441;8
 0.0031620000; 59.596; 58.333;34
 0.0100000000; 60.606; 58.511;43
 0.0000100000; 58.081; 49.697;57
 0.0000316200; 56.061; 48.521;59
 0.0003162000; 54.545; 47.059;4
 0.0010000000; 61.111; 57.459;46
 0.0031620000; 64.646; 63.542;45
 0.0100000000; 57.071; 55.497;61
 0.0000100000; 55.051; 50.279;54
 0.0001000000; 62.121; 60.317;21
 0.0003162000; 52.525; 50.526;22
 0.0010000000; 62.626; 58.427;9
 0.0031620000; 64.141; 61.202;25
 0.0100000000; 59.596; 56.044;45
 0.0000100000; 56.061; 50.847;38
 0.0000316200; 60.606; 54.118;55
 0.0003162000; 67.677; 67.010;37
 0.0031620000; 60.101; 52.695;7
 0.0100000000; 58.081; 52.571;21
 0.0000100000; 56.566; 48.810;63
 0.0000316200; 59.596; 56.522;34
 0.0001000000; 58.586; 56.383;57
 0.0010000000; 63.636; 59.091;24
 0.0031620000; 54.545; 50.000;20
 0.0100000000; 56.061; 51.934;28
 0.0000316200; 63.131; 58.757;1
 0.0000316200; 59.596; 56.989;21
 0.0003162000; 59.091; 55.249;3
 0.0010000000; 57.071; 53.552;28
 0.0031620000; 61.616; 60.417;12
 0.0100000000; 60.101; 56.831;27
 0.0000100000; 55.051; 46.707;18
 0.0000316200; 56.566; 49.412;27
 0.0003162000; 62.626; 59.341;10
 0.0010000000; 59.596; 59.596;15
 0.0031620000; 60.606; 57.609;11
 0.0100000000; 57.071; 55.026;34
 0.0000316200; 58.081; 54.144;3
 0.0000316200; 62.121; 54.545;17
 0.0001000000; 57.071; 45.860;40
 0.0010000000; 58.081; 52.023;6
 0.0031620000; 63.131; 59.218;33
 0.0100000000; 56.566; 49.412;37
 0.0000100000; 51.515; 48.936;13
 0.0000316200; 56.061; 50.286;30
 0.0001000000; 58.081; 53.631;54
 0.0010000000; 58.586; 56.383;27
 0.0031620000; 59.091; 54.749;35
 0.0100000000; 60.606; 56.667;46
 0.0000100000; 53.030; 51.309;24
 0.0000316200; 54.040; 52.356;16
 0.0001000000; 56.061; 52.459;36
 0.0010000000; 58.081; 57.868;0
 0.0031620000; 63.636; 61.702;32
 0.0100000000; 60.101; 56.354;60
 0.0000100000; 56.061; 49.711;10
 0.0000316200; 55.051; 50.829;38
 0.0003162000; 61.616; 59.574;1
 0.0010000000; 61.111; 56.000;45
 0.0031620000; 57.071; 53.552;39
 0.0100000000; 61.616; 55.814;40
 0.0000100000; 55.556; 52.174;22
 0.0000316200; 56.566; 51.685;54
 0.0003162000; 59.596; 58.333;0
 0.0010000000; 56.566; 50.000;3
 0.0031620000; 64.141; 64.322;24
 0.0100000000; 59.091; 55.249;56
 0.0000100000; 54.545; 50.549;47
 0.0000316200; 61.616; 57.778;49
 0.0003162000; 63.131; 57.803;14
 0.0010000000; 61.616; 57.778;12
 0.0031620000; 58.586; 54.945;47
 0.0100000000; 60.606; 57.143;63
 0.0000100000; 53.030; 47.458;31
 0.0001000000; 57.576; 53.846;3
 0.0003162000; 55.556; 52.174;5
 0.0010000000; 60.101; 55.866;14
 0.0031620000; 57.071; 53.039;22
 0.0100000000; 52.525; 50.000;30
 0.0000100000; 59.091; 52.071;17
 0.0000316200; 66.162; 63.388;58
 0.0003162000; 61.616; 54.217;31
 0.0010000000; 63.131; 57.803;25
 0.0031620000; 60.606; 56.667;17
 0.0100000000; 62.626; 58.889;51
 0.0000100000; 60.101; 58.639;52
 0.0001000000; 62.626; 60.215;15
 0.0001000000; 58.586; 54.945;43
 0.0003162000; 60.606; 57.609;62
 0.0031620000; 57.576; 52.273;40
 0.0100000000; 58.081; 53.631;50
 0.0000100000; 59.091; 54.237;7
 0.0000316200; 55.051; 47.953;26
 0.0003162000; 66.162; 63.388;15
 0.0010000000; 61.111; 57.459;13
 0.0031620000; 57.071; 52.514;31
 0.0100000000; 64.646; 61.111;31
 0.0000316200; 59.596; 57.447;2
 0.0000316200; 56.566; 53.763;41
 0.0001000000; 62.626; 56.977;53
 0.0010000000; 62.121; 59.016;11
 0.0031620000; 51.515; 48.387;21
 0.0100000000; 58.081; 56.545;47
 0.0000100000; 57.576; 53.333;4
 0.0000316200; 58.586; 53.409;60
 0.0003162000; 56.061; 50.847;35
 0.0010000000; 55.556; 52.688;56
 0.0031620000; 64.141; 61.202;48
 0.0100000000; 59.091; 55.738;55
 0.0000100000; 58.586; 54.444;36
 0.0000316200; 56.061; 48.521;22
 0.0001000000; 57.071; 53.039;42
 0.0010000000; 56.061; 55.385;4
 0.0031620000; 58.081; 52.571;30
 0.0100000000; 64.141; 59.429;44
 0.0000100000; 58.586; 54.945;61
 0.0001000000; 59.091; 52.632;6
 0.0003162000; 63.636; 59.091;11
 0.0010000000; 56.061; 54.450;19
 0.0031620000; 64.141; 60.335;51
 0.0100000000; 60.101; 55.367;54
 0.0000100000; 55.556; 52.688;23
 0.0000316200; 58.586; 54.444;36
 0.0001000000; 65.152; 61.453;44
 0.0010000000; 63.131; 58.757;50
 0.0031620000; 54.040; 46.784;52
 0.0100000000; 59.091; 57.592;62
 0.0000100000; 51.515; 44.186;1
 0.0000316200; 57.071; 51.429;52
 0.0003162000; 58.586; 53.933;30
 0.0010000000; 60.606; 56.667;18
 0.0031620000; 52.525; 48.352;28
 0.0100000000; 58.586; 56.383;49
 0.0000100000; 54.040; 43.478;62
 0.0000316200; 55.051; 50.279;56
 0.0003162000; 60.101; 58.639;33
 0.0010000000; 62.121; 58.101;35
 0.0031620000; 62.121; 55.621;42
 0.0100000000; 62.121; 59.459;59
 0.0000100000; 56.566; 50.575;12
 0.0000316200; 54.545; 47.674;62
 0.0003162000; 58.081; 55.135;25
 0.0010000000; 59.091; 56.216;33
 0.0031620000; 59.091; 56.684;36
 0.0100000000; 60.101; 54.857;57
 0.0000316200; 55.051; 49.718;4
 0.0000316200; 56.566; 48.193;35
 0.0003162000; 65.152; 63.492;29
 0.0010000000; 56.061; 51.934;21
 0.0031620000; 57.576; 52.809;46
 0.0100000000; 58.081; 52.023;53
 0.0316200000; 57.576; 53.333;20
 0.0316200000; 57.071; 55.497;6
 0.0316200000; 59.091; 55.249;2
 0.0316200000; 58.586; 56.383;5
 0.0316200000; 60.606; 54.651;9
 0.0316200000; 61.616; 55.814;11
 0.0316200000; 57.576; 56.701;10
 0.1000000000; 55.051; 50.829;2
 0.0316200000; 56.566; 47.561;12
 0.1000000000; 57.071; 53.552;1
 0.0316200000; 61.111; 57.459;1
 0.0316200000; 60.101; 58.639;14
 0.0316200000; 60.606; 56.667;0
 0.1000000000; 62.121; 59.459;0
 0.0316200000; 55.556; 52.174;29
 0.0316200000; 62.626; 60.638;8
 0.0316200000; 65.152; 61.017;4
 0.0316200000; 53.030; 50.267;3
 0.0316200000; 62.626; 58.889;19
 0.0316200000; 64.141; 58.960;30
 0.0316200000; 61.616; 57.303;15
 0.0316200000; 60.101; 54.335;13
 0.0316200000; 61.616; 58.696;27
 0.0316200000; 62.121; 54.545;23
 0.1000000000; 56.061; 52.973;10
 0.0316200000; 58.081; 50.888;28
 0.0316200000; 57.071; 52.514;17
 0.0316200000; 62.626; 58.889;31
 0.0316200000; 59.091; 57.592;18
 0.1000000000; 58.586; 55.435;13
 0.1000000000; 60.606; 55.682;30
 0.0316200000; 67.172; 64.088;16
 0.0316200000; 60.101; 58.639;24
 0.0316200000; 60.606; 58.511;22
 0.0316200000; 57.071; 52.514;21
 0.1000000000; 60.606; 58.065;28
 0.1000000000; 61.616; 60.000;31
 0.1000000000; 59.596; 54.545;9
 0.1000000000; 59.596; 58.333;27
 0.0316200000; 60.101; 54.335;7
 0.0316200000; 53.535; 52.577;26
 0.1000000000; 56.566; 56.122;3
 0.0316200000; 60.101; 59.487;25
 0.1000000000; 56.061; 50.286;26
 0.1000000000; 58.586; 54.444;24
 0.1000000000; 57.576; 53.846;12
 0.1000000000; 57.071; 56.853;17
 0.1000000000; 58.081; 54.645;11
 0.1000000000; 56.061; 49.711;16
 0.1000000000; 59.596; 56.522;15
 0.1000000000; 60.606; 58.065;25
 0.1000000000; 57.576; 53.846;4
 0.1000000000; 58.081; 53.631;8
 0.1000000000; 56.061; 55.385;19
 0.1000000000; 59.596; 54.023;23
 0.1000000000; 56.061; 54.922;5
 0.1000000000; 56.566; 52.222;21
 0.1000000000; 63.636; 59.551;22
 0.1000000000; 63.131; 58.757;14
 0.1000000000; 65.152; 61.878;18
 0.1000000000; 59.091; 56.684;7
 0.1000000000; 63.131; 57.310;29
 0.1000000000; 57.071; 50.867;6
 0.1000000000; 57.576; 54.348;20
 1.0000000000; 57.071; 55.497;0
 0.3162000000; 61.111; 56.983;6
 0.3162000000; 59.596; 54.023;0
 0.3162000000; 63.131; 58.286;14
 0.3162000000; 59.091; 55.249;23
 0.3162000000; 58.081; 52.571;26
 0.3162000000; 55.051; 52.406;19
 0.3162000000; 56.061; 50.847;8
 0.3162000000; 62.121; 60.733;1
 0.3162000000; 58.586; 54.945;3
 0.3162000000; 59.091; 57.592;2
 0.3162000000; 55.556; 49.425;17
 0.3162000000; 57.071; 54.545;12
 0.3162000000; 57.576; 54.348;31
 0.3162000000; 62.121; 57.143;5
 0.3162000000; 55.051; 47.337;22
 0.3162000000; 63.636; 62.105;16
 0.3162000000; 66.162; 64.550;13
 0.3162000000; 55.556; 53.684;20
 0.3162000000; 60.606; 58.065;25
 0.3162000000; 61.616; 58.696;11
 0.3162000000; 61.111; 58.378;27
 0.3162000000; 59.596; 56.522;4
 0.3162000000; 62.121; 58.101;30
 0.3162000000; 59.596; 54.023;7
 0.3162000000; 57.576; 53.846;21
 0.3162000000; 59.091; 54.749;29
 0.3162000000; 57.576; 51.163;18
 0.3162000000; 58.081; 56.085;15
 0.3162000000; 64.141; 60.335;28
 0.3162000000; 58.586; 54.444;24
 0.3162000000; 62.626; 56.471;9
 0.3162000000; 58.586; 54.945;10
