subsample_ratio;accuracy;f1;iteration
 0.5000000000; 53.535; 50.000;6
 0.5000000000; 56.566; 51.685;3
 1.0000000000; 57.576; 52.809;7
 0.5000000000; 53.535; 52.083;1
 1.0000000000; 62.626; 61.053;2
 0.5000000000; 59.091; 50.909;5
 1.0000000000; 53.535; 51.064;6
 0.1000000000; 61.111; 55.491;0
 0.5000000000; 56.566; 52.222;2
 1.0000000000; 57.576; 54.348;4
 0.5000000000; 58.081; 53.107;0
 1.0000000000; 55.556; 55.556;3
 1.0000000000; 61.111; 56.000;5
 0.5000000000; 59.091; 52.071;4
 0.0500000000; 57.071; 51.977;5
 0.1000000000; 51.010; 44.571;2
 0.1000000000; 63.636; 58.140;5
 0.1000000000; 61.111; 57.459;4
 0.5000000000; 56.061; 50.286;7
 0.0500000000; 61.111; 58.824;1
 1.0000000000; 54.545; 49.438;0
 0.1000000000; 60.606; 55.682;1
 0.0500000000; 58.081; 55.135;3
 0.1000000000; 54.545; 52.128;6
 0.0500000000; 58.586; 53.933;2
 0.0500000000; 59.091; 51.497;0
 1.0000000000; 58.586; 54.945;1
 0.1000000000; 56.566; 50.000;7
 0.1000000000; 65.657; 63.043;3
 0.0500000000; 60.606; 58.947;6
 0.0500000000; 57.576; 52.273;4
 0.0500000000; 51.515; 47.253;7
 1.0000000000; 58.081; 45.752;18
 1.0000000000; 55.051; 51.366;0
 0.5000000000; 59.091; 55.738;4
 0.5000000000; 59.596; 55.056;26
 0.1000000000; 50.505; 46.154;29
 0.1000000000; 53.535; 49.451;6
 0.0500000000; 51.515; 48.387;27
 0.5000000000; 57.071; 50.867;8
 1.0000000000; 58.081; 56.085;26
 1.0000000000; 56.061; 45.283;12
 0.5000000000; 64.141; 58.480;7
 1.0000000000; 52.525; 47.191;15
 1.0000000000; 59.596; 49.367;21
 1.0000000000; 57.071; 50.292;19
 0.1000000000; 58.586; 54.945;20
 0.5000000000; 60.101; 54.857;5
 1.0000000000; 60.606; 52.439;17
 1.0000000000; 60.101; 50.314;8
 1.0000000000; 52.020; 46.328;28
 1.0000000000; 61.111; 58.824;22
 1.0000000000; 54.040; 49.724;16
 0.5000000000; 59.091; 54.237;23
 1.0000000000; 58.081; 51.462;23
 0.5000000000; 59.596; 54.545;27
 1.0000000000; 56.061; 55.385;31
 1.0000000000; 61.616; 56.818;25
 1.0000000000; 59.091; 54.237;4
 1.0000000000; 58.081; 52.023;24
 0.5000000000; 55.051; 49.143;22
 1.0000000000; 58.081; 59.512;27
 0.1000000000; 54.040; 48.588;22
 0.0500000000; 56.061; 52.459;2
 0.1000000000; 56.061; 48.521;24
 0.5000000000; 59.091; 53.714;10
 0.1000000000; 52.525; 44.048;0
 1.0000000000; 59.091; 57.143;13
 0.1000000000; 59.596; 52.941;16
 0.5000000000; 56.061; 50.286;9
 0.5000000000; 60.606; 54.651;19
 0.1000000000; 54.040; 49.724;19
 0.1000000000; 55.051; 47.337;12
 0.1000000000; 58.081; 51.462;21
 0.0500000000; 61.111; 57.459;20
 0.1000000000; 61.111; 51.572;14
 0.5000000000; 62.121; 59.016;13
 1.0000000000; 59.091; 53.714;20
 1.0000000000; 56.061; 53.968;3
 0.1000000000; 52.525; 49.462;31
 0.1000000000; 55.051; 53.403;3
 1.0000000000; 59.091; 55.249;1
 0.5000000000; 57.576; 53.846;20
 0.5000000000; 57.071; 54.545;1
 1.0000000000; 51.515; 46.667;29
 0.5000000000; 57.576; 50.000;14
 0.1000000000; 57.576; 52.809;10
 1.0000000000; 55.051; 47.953;7
 0.1000000000; 57.071; 51.977;1
 1.0000000000; 51.515; 44.186;30
 0.0500000000; 57.071; 48.485;18
 0.5000000000; 63.131; 62.176;2
 0.5000000000; 56.061; 49.123;6
 0.0500000000; 51.515; 45.455;9
 0.5000000000; 52.525; 48.352;11
 0.5000000000; 60.101; 52.695;17
 1.0000000000; 58.586; 54.444;14
 1.0000000000; 56.061; 51.397;11
 1.0000000000; 62.121; 58.564;2
 0.1000000000; 58.586; 53.409;11
 0.1000000000; 56.566; 52.747;26
 0.1000000000; 58.586; 52.326;2
 0.1000000000; 55.556; 52.174;4
 0.5000000000; 53.535; 47.126;30
 0.0500000000; 64.646; 60.674;10
 1.0000000000; 61.616; 57.778;9
 0.0500000000; 58.586; 48.750;21
 0.1000000000; 61.616; 54.217;7
 0.0500000000; 61.111; 60.513;26
 0.5000000000; 54.545; 47.059;18
 0.5000000000; 57.071; 48.485;0
 0.0500000000; 56.566; 52.222;15
 0.5000000000; 59.091; 52.632;21
 0.1000000000; 56.566; 48.193;17
 0.1000000000; 58.586; 52.874;15
 0.5000000000; 57.071; 55.026;31
 0.0500000000; 53.030; 50.267;31
 0.5000000000; 56.061; 53.476;3
 1.0000000000; 56.061; 52.973;10
 0.1000000000; 60.606; 54.651;18
 0.1000000000; 55.051; 52.910;25
 0.1000000000; 57.071; 50.867;30
 0.5000000000; 63.636; 60.000;28
 0.5000000000; 60.606; 59.794;25
 0.0500000000; 57.071; 47.853;8
 0.0500000000; 60.606; 51.852;0
 0.0500000000; 59.596; 55.556;30
 1.0000000000; 56.566; 51.136;5
 0.1000000000; 59.596; 54.023;5
 0.1000000000; 57.576; 52.809;13
 1.0000000000; 56.061; 52.459;6
 0.0500000000; 58.586; 59.000;22
 0.5000000000; 50.000; 38.509;24
 0.0500000000; 58.586; 54.444;23
 0.1000000000; 60.101; 60.302;27
 0.0500000000; 57.576; 54.348;1
 0.0500000000; 63.636; 58.140;14
 0.1000000000; 56.566; 49.412;23
 0.0500000000; 54.545; 48.864;12
 0.5000000000; 53.535; 47.126;15
 0.0500000000; 55.051; 51.892;29
 0.0500000000; 54.040; 50.273;3
 0.5000000000; 61.616; 54.762;16
 0.0500000000; 58.586; 53.409;11
 0.5000000000; 59.091; 56.216;29
 0.0500000000; 57.071; 54.054;13
 0.0500000000; 61.111; 54.971;17
 0.0500000000; 53.030; 46.857;4
 0.1000000000; 54.545; 47.059;9
 0.1000000000; 52.525; 42.683;28
 0.0500000000; 61.111; 56.000;6
 0.0500000000; 60.606; 54.118;24
 0.1000000000; 57.576; 48.148;8
 0.0500000000; 60.606; 55.172;5
 0.0500000000; 65.152; 57.669;16
 0.0500000000; 61.111; 53.892;7
 0.0500000000; 61.616; 57.778;25
 0.5000000000; 54.040; 48.000;12
 0.0500000000; 55.051; 45.399;28
 0.0500000000; 57.071; 49.704;19
